20221119
20221118
20221117
20221116
20221115
20221114
20221113
20221123
20221122
20221121
20221120
20230101
20221209
20221208
20221207
20221129
20221206
20221128
20221205
20221127
20221204
20221126
20221203
20221125
20221202
20221124
20221201
20221211
20221210
20221130
20221219
20221218
20221217
20221216
20221215
20221214
20221213
20221212
20221222
20221221
20221220
20221109
20221108
20221229
20221107
20221228
20221227
20221226
20221225
20221224
20221223
20221112
20221111
20221110
20221231
20221230

20230102
20230103
20230104